# View 000, angle 0.00 degrees
0.000000 -0.196116 0.980581 340.587738
1.000000 0.000000 0.000000 50.000000
0.000000 0.980581 0.196116 28.117546
0.000000 0.000000 0.000000 1.000000

# View 001, angle 6.00 degrees
-0.104528 -0.195042 0.975209 338.721954
0.994522 -0.020500 0.102499 85.601112
0.000000 0.980581 0.196116 28.117546
0.000000 0.000000 0.000000 1.000000

# View 002, angle 12.00 degrees
-0.207912 -0.191831 0.959153 333.145081
0.978148 -0.040775 0.203874 120.812172
0.000000 0.980581 0.196116 28.117546
0.000000 0.000000 0.000000 1.000000

# View 003, angle 18.00 degrees
-0.309017 -0.186518 0.932588 323.918182
0.951056 -0.060603 0.303016 155.247391
0.000000 0.980581 0.196116 28.117546
0.000000 0.000000 0.000000 1.000000

# View 004, angle 24.00 degrees
-0.406737 -0.179161 0.895805 311.142365
0.913545 -0.079768 0.398838 188.529510
0.000000 0.980581 0.196116 28.117546
0.000000 0.000000 0.000000 1.000000

# View 005, angle 30.00 degrees
-0.500000 -0.169842 0.849208 294.957611
0.866025 -0.098058 0.490290 220.293869
0.000000 0.980581 0.196116 28.117546
0.000000 0.000000 0.000000 1.000000

# View 006, angle 36.00 degrees
-0.587785 -0.158661 0.793306 275.541260
0.809017 -0.115274 0.576371 250.192444
0.000000 0.980581 0.196116 28.117546
0.000000 0.000000 0.000000 1.000000

# View 007, angle 42.00 degrees
-0.669131 -0.145743 0.728713 253.106003
0.743145 -0.131227 0.656137 277.897675
0.000000 0.980581 0.196116 28.117546
0.000000 0.000000 0.000000 1.000000

# View 008, angle 48.00 degrees
-0.743145 -0.131227 0.656137 227.897675
0.669131 -0.145743 0.728713 303.106018
0.000000 0.980581 0.196116 28.117546
0.000000 0.000000 0.000000 1.000000

# View 009, angle 54.00 degrees
-0.809017 -0.115274 0.576371 200.192444
0.587785 -0.158661 0.793306 325.541260
0.000000 0.980581 0.196116 28.117546
0.000000 0.000000 0.000000 1.000000

# View 010, angle 60.00 degrees
-0.866025 -0.098058 0.490290 170.293869
0.500000 -0.169842 0.849208 344.957611
0.000000 0.980581 0.196116 28.117546
0.000000 0.000000 0.000000 1.000000

# View 011, angle 66.00 degrees
-0.913545 -0.079768 0.398838 138.529510
0.406737 -0.179161 0.895805 361.142365
0.000000 0.980581 0.196116 28.117546
0.000000 0.000000 0.000000 1.000000

# View 012, angle 72.00 degrees
-0.951056 -0.060603 0.303016 105.247398
0.309017 -0.186518 0.932588 373.918182
0.000000 0.980581 0.196116 28.117546
0.000000 0.000000 0.000000 1.000000

# View 013, angle 78.00 degrees
-0.978148 -0.040775 0.203874 70.812172
0.207912 -0.191831 0.959153 383.145081
0.000000 0.980581 0.196116 28.117546
0.000000 0.000000 0.000000 1.000000

# View 014, angle 84.00 degrees
-0.994522 -0.020500 0.102499 35.601112
0.104528 -0.195042 0.975209 388.721954
0.000000 0.980581 0.196116 28.117546
0.000000 0.000000 0.000000 1.000000

# View 015, angle 90.00 degrees
-1.000000 -0.000000 0.000000 0.000000
0.000000 -0.196116 0.980581 390.587738
0.000000 0.980581 0.196116 28.117546
0.000000 0.000000 0.000000 1.000000

# View 016, angle 96.00 degrees
-0.994522 0.020500 -0.102499 -35.601112
-0.104528 -0.195042 0.975209 388.721954
0.000000 0.980581 0.196116 28.117546
0.000000 0.000000 0.000000 1.000000

# View 017, angle 102.00 degrees
-0.978148 0.040775 -0.203874 -70.812172
-0.207912 -0.191831 0.959153 383.145081
0.000000 0.980581 0.196116 28.117546
0.000000 0.000000 0.000000 1.000000

# View 018, angle 108.00 degrees
-0.951056 0.060603 -0.303016 -105.247398
-0.309017 -0.186518 0.932588 373.918182
0.000000 0.980581 0.196116 28.117546
0.000000 0.000000 0.000000 1.000000

# View 019, angle 114.00 degrees
-0.913545 0.079768 -0.398838 -138.529510
-0.406737 -0.179161 0.895805 361.142365
0.000000 0.980581 0.196116 28.117546
0.000000 0.000000 0.000000 1.000000

# View 020, angle 120.00 degrees
-0.866025 0.098058 -0.490290 -170.293869
-0.500000 -0.169842 0.849208 344.957611
0.000000 0.980581 0.196116 28.117546
0.000000 0.000000 0.000000 1.000000

# View 021, angle 126.00 degrees
-0.809017 0.115274 -0.576371 -200.192444
-0.587785 -0.158661 0.793306 325.541260
0.000000 0.980581 0.196116 28.117546
0.000000 0.000000 0.000000 1.000000

# View 022, angle 132.00 degrees
-0.743145 0.131227 -0.656137 -227.897675
-0.669131 -0.145743 0.728713 303.106018
0.000000 0.980581 0.196116 28.117546
0.000000 0.000000 0.000000 1.000000

# View 023, angle 138.00 degrees
-0.669131 0.145743 -0.728713 -253.106003
-0.743145 -0.131227 0.656137 277.897675
0.000000 0.980581 0.196116 28.117546
0.000000 0.000000 0.000000 1.000000

# View 024, angle 144.00 degrees
-0.587785 0.158661 -0.793306 -275.541260
-0.809017 -0.115274 0.576371 250.192444
0.000000 0.980581 0.196116 28.117546
0.000000 0.000000 0.000000 1.000000

# View 025, angle 150.00 degrees
-0.500000 0.169842 -0.849208 -294.957611
-0.866025 -0.098058 0.490290 220.293869
0.000000 0.980581 0.196116 28.117546
0.000000 0.000000 0.000000 1.000000

# View 026, angle 156.00 degrees
-0.406737 0.179161 -0.895805 -311.142365
-0.913545 -0.079768 0.398838 188.529510
0.000000 0.980581 0.196116 28.117546
0.000000 0.000000 0.000000 1.000000

# View 027, angle 162.00 degrees
-0.309017 0.186518 -0.932588 -323.918182
-0.951056 -0.060603 0.303016 155.247391
0.000000 0.980581 0.196116 28.117546
0.000000 0.000000 0.000000 1.000000

# View 028, angle 168.00 degrees
-0.207912 0.191831 -0.959153 -333.145081
-0.978148 -0.040775 0.203874 120.812172
0.000000 0.980581 0.196116 28.117546
0.000000 0.000000 0.000000 1.000000

# View 029, angle 174.00 degrees
-0.104528 0.195042 -0.975209 -338.721954
-0.994522 -0.020500 0.102499 85.601112
0.000000 0.980581 0.196116 28.117546
0.000000 0.000000 0.000000 1.000000

# View 030, angle 180.00 degrees
0.000000 0.196116 -0.980581 -340.587738
-1.000000 0.000000 0.000000 50.000000
0.000000 0.980581 0.196116 28.117546
0.000000 0.000000 0.000000 1.000000

# View 031, angle 186.00 degrees
0.104528 0.195042 -0.975209 -338.721954
-0.994522 0.020500 -0.102499 14.398889
0.000000 0.980581 0.196116 28.117546
0.000000 0.000000 0.000000 1.000000

# View 032, angle 192.00 degrees
0.207912 0.191831 -0.959153 -333.145081
-0.978148 0.040775 -0.203874 -20.812170
0.000000 0.980581 0.196116 28.117546
0.000000 0.000000 0.000000 1.000000

# View 033, angle 198.00 degrees
0.309017 0.186518 -0.932588 -323.918182
-0.951056 0.060603 -0.303016 -55.247395
0.000000 0.980581 0.196116 28.117546
0.000000 0.000000 0.000000 1.000000

# View 034, angle 204.00 degrees
0.406737 0.179161 -0.895805 -311.142365
-0.913545 0.079768 -0.398838 -88.529510
0.000000 0.980581 0.196116 28.117546
0.000000 0.000000 0.000000 1.000000

# View 035, angle 210.00 degrees
0.500000 0.169842 -0.849208 -294.957611
-0.866025 0.098058 -0.490290 -120.293861
0.000000 0.980581 0.196116 28.117546
0.000000 0.000000 0.000000 1.000000

# View 036, angle 216.00 degrees
0.587785 0.158661 -0.793306 -275.541260
-0.809017 0.115274 -0.576371 -150.192444
0.000000 0.980581 0.196116 28.117546
0.000000 0.000000 0.000000 1.000000

# View 037, angle 222.00 degrees
0.669131 0.145743 -0.728713 -253.106003
-0.743145 0.131227 -0.656137 -177.897675
0.000000 0.980581 0.196116 28.117546
0.000000 0.000000 0.000000 1.000000

# View 038, angle 228.00 degrees
0.743145 0.131227 -0.656137 -227.897675
-0.669131 0.145743 -0.728713 -203.106003
0.000000 0.980581 0.196116 28.117546
0.000000 0.000000 0.000000 1.000000

# View 039, angle 234.00 degrees
0.809017 0.115274 -0.576371 -200.192444
-0.587785 0.158661 -0.793306 -225.541260
0.000000 0.980581 0.196116 28.117546
0.000000 0.000000 0.000000 1.000000

# View 040, angle 240.00 degrees
0.866025 0.098058 -0.490290 -170.293869
-0.500000 0.169842 -0.849208 -244.957626
0.000000 0.980581 0.196116 28.117546
0.000000 0.000000 0.000000 1.000000

# View 041, angle 246.00 degrees
0.913545 0.079768 -0.398838 -138.529510
-0.406737 0.179161 -0.895805 -261.142365
0.000000 0.980581 0.196116 28.117546
0.000000 0.000000 0.000000 1.000000

# View 042, angle 252.00 degrees
0.951056 0.060603 -0.303016 -105.247398
-0.309017 0.186518 -0.932588 -273.918182
0.000000 0.980581 0.196116 28.117546
0.000000 0.000000 0.000000 1.000000

# View 043, angle 258.00 degrees
0.978148 0.040775 -0.203874 -70.812172
-0.207912 0.191831 -0.959153 -283.145081
0.000000 0.980581 0.196116 28.117546
0.000000 0.000000 0.000000 1.000000

# View 044, angle 264.00 degrees
0.994522 0.020500 -0.102499 -35.601112
-0.104528 0.195042 -0.975209 -288.721954
0.000000 0.980581 0.196116 28.117546
0.000000 0.000000 0.000000 1.000000

# View 045, angle 270.00 degrees
1.000000 0.000000 -0.000000 -0.000000
-0.000000 0.196116 -0.980581 -290.587738
0.000000 0.980581 0.196116 28.117546
0.000000 0.000000 0.000000 1.000000

# View 046, angle 276.00 degrees
0.994522 -0.020500 0.102499 35.601112
0.104528 0.195042 -0.975209 -288.721954
0.000000 0.980581 0.196116 28.117546
0.000000 0.000000 0.000000 1.000000

# View 047, angle 282.00 degrees
0.978148 -0.040775 0.203874 70.812172
0.207912 0.191831 -0.959153 -283.145081
0.000000 0.980581 0.196116 28.117546
0.000000 0.000000 0.000000 1.000000

# View 048, angle 288.00 degrees
0.951056 -0.060603 0.303016 105.247398
0.309017 0.186518 -0.932588 -273.918182
0.000000 0.980581 0.196116 28.117546
0.000000 0.000000 0.000000 1.000000

# View 049, angle 294.00 degrees
0.913545 -0.079768 0.398838 138.529510
0.406737 0.179161 -0.895805 -261.142365
0.000000 0.980581 0.196116 28.117546
0.000000 0.000000 0.000000 1.000000

# View 050, angle 300.00 degrees
0.866025 -0.098058 0.490290 170.293869
0.500000 0.169842 -0.849208 -244.957626
0.000000 0.980581 0.196116 28.117546
0.000000 0.000000 0.000000 1.000000

# View 051, angle 306.00 degrees
0.809017 -0.115274 0.576371 200.192444
0.587785 0.158661 -0.793306 -225.541260
0.000000 0.980581 0.196116 28.117546
0.000000 0.000000 0.000000 1.000000

# View 052, angle 312.00 degrees
0.743145 -0.131227 0.656137 227.897675
0.669131 0.145743 -0.728713 -203.106003
0.000000 0.980581 0.196116 28.117546
0.000000 0.000000 0.000000 1.000000

# View 053, angle 318.00 degrees
0.669131 -0.145743 0.728713 253.106003
0.743145 0.131227 -0.656137 -177.897675
0.000000 0.980581 0.196116 28.117546
0.000000 0.000000 0.000000 1.000000

# View 054, angle 324.00 degrees
0.587785 -0.158661 0.793306 275.541260
0.809017 0.115274 -0.576371 -150.192444
0.000000 0.980581 0.196116 28.117546
0.000000 0.000000 0.000000 1.000000

# View 055, angle 330.00 degrees
0.500000 -0.169842 0.849208 294.957611
0.866025 0.098058 -0.490290 -120.293861
0.000000 0.980581 0.196116 28.117546
0.000000 0.000000 0.000000 1.000000

# View 056, angle 336.00 degrees
0.406737 -0.179161 0.895805 311.142365
0.913545 0.079768 -0.398838 -88.529510
0.000000 0.980581 0.196116 28.117546
0.000000 0.000000 0.000000 1.000000

# View 057, angle 342.00 degrees
0.309017 -0.186518 0.932588 323.918182
0.951056 0.060603 -0.303016 -55.247395
0.000000 0.980581 0.196116 28.117546
0.000000 0.000000 0.000000 1.000000

# View 058, angle 348.00 degrees
0.207912 -0.191831 0.959153 333.145081
0.978148 0.040775 -0.203874 -20.812170
0.000000 0.980581 0.196116 28.117546
0.000000 0.000000 0.000000 1.000000

# View 059, angle 354.00 degrees
0.104528 -0.195042 0.975209 338.721954
0.994522 0.020500 -0.102499 14.398889
0.000000 0.980581 0.196116 28.117546
0.000000 0.000000 0.000000 1.000000

