# View 0, azim 0.0
0.000000 1.000000 0.000000 0.001651
-0.099504 0.000000 0.995037 2.501384
0.995037 0.000000 0.099504 -170.793400
0.000000 0.000000 0.000000 1.000000

# View 1, azim 30.0
-0.500000 0.866025 0.000000 -0.048161
-0.086173 -0.049752 0.995037 2.502624
0.861727 0.497519 0.099504 -170.805800
0.000000 0.000000 0.000000 1.000000

# View 2, azim 60.0
-0.866025 0.500000 0.000000 -0.085068
-0.049752 -0.086173 0.995037 2.506176
0.497519 0.861727 0.099504 -170.841322
0.000000 0.000000 0.000000 1.000000

# View 3, azim 90.0
-1.000000 0.000000 0.000000 -0.099182
-0.000000 -0.099504 0.995037 2.511088
0.000000 0.995037 0.099504 -170.890446
0.000000 0.000000 0.000000 1.000000

# View 4, azim 120.0
-0.866025 -0.500000 0.000000 -0.086720
0.049752 -0.086173 0.995037 2.516045
-0.497519 0.861727 0.099504 -170.940011
0.000000 0.000000 0.000000 1.000000

# View 5, azim 150.0
-0.500000 -0.866025 0.000000 -0.051021
0.086173 -0.049752 0.995037 2.519717
-0.861727 0.497519 0.099504 -170.976736
0.000000 0.000000 0.000000 1.000000

# View 6, azim 180.0
-0.000000 -1.000000 0.000000 -0.001651
0.099504 -0.000000 0.995037 2.521122
-0.995037 0.000000 0.099504 -170.990779
0.000000 0.000000 0.000000 1.000000

# View 7, azim 210.0
0.500000 -0.866025 0.000000 0.048161
0.086173 0.049752 0.995037 2.519881
-0.861727 -0.497519 0.099504 -170.978379
0.000000 0.000000 0.000000 1.000000

# View 8, azim 240.0
0.866025 -0.500000 0.000000 0.085068
0.049752 0.086173 0.995037 2.516329
-0.497519 -0.861727 0.099504 -170.942858
0.000000 0.000000 0.000000 1.000000

# View 9, azim 270.0
1.000000 -0.000000 0.000000 0.099182
0.000000 0.099504 0.995037 2.511417
-0.000000 -0.995037 0.099504 -170.893733
0.000000 0.000000 0.000000 1.000000

# View 10, azim 300.0
0.866025 0.500000 -0.000000 0.086720
-0.049752 0.086173 0.995037 2.506460
0.497519 -0.861727 0.099504 -170.844168
0.000000 0.000000 0.000000 1.000000

# View 11, azim 330.0
0.500000 0.866025 -0.000000 0.051021
-0.086173 0.049752 0.995037 2.502788
0.861727 -0.497519 0.099504 -170.807443
0.000000 0.000000 0.000000 1.000000

