# View 0, elev 15.0, azim 0.0
0.000000 -0.258819 0.965926 411.228088
1.000000 0.000000 0.000000 50.000000
0.000000 0.965926 0.258819 70.188240
0.000000 0.000000 0.000000 1.000000

# View 1, elev 15.0, azim 30.0
-0.500000 -0.224144 0.836516 356.133972
0.866025 -0.129410 0.482963 255.614044
0.000000 0.965926 0.258819 70.188240
0.000000 0.000000 0.000000 1.000000

# View 2, elev 15.0, azim 60.0
-0.866025 -0.129410 0.482963 205.614044
0.500000 -0.224144 0.836516 406.133972
0.000000 0.965926 0.258819 70.188240
0.000000 0.000000 0.000000 1.000000

# View 3, elev 15.0, azim 90.0
-1.000000 -0.000000 0.000000 0.000000
0.000000 -0.258819 0.965926 461.228088
0.000000 0.965926 0.258819 70.188240
0.000000 0.000000 0.000000 1.000000

# View 4, elev 15.0, azim 120.0
-0.866025 0.129410 -0.482963 -205.614044
-0.500000 -0.224144 0.836516 406.133972
0.000000 0.965926 0.258819 70.188240
0.000000 0.000000 0.000000 1.000000

# View 5, elev 15.0, azim 150.0
-0.500000 0.224144 -0.836516 -356.133972
-0.866025 -0.129410 0.482963 255.614044
0.000000 0.965926 0.258819 70.188240
0.000000 0.000000 0.000000 1.000000

# View 6, elev 15.0, azim 180.0
0.000000 0.258819 -0.965926 -411.228088
-1.000000 0.000000 0.000000 50.000000
0.000000 0.965926 0.258819 70.188240
0.000000 0.000000 0.000000 1.000000

# View 7, elev 15.0, azim 210.0
0.500000 0.224144 -0.836516 -356.133972
-0.866025 0.129410 -0.482963 -155.614044
0.000000 0.965926 0.258819 70.188240
0.000000 0.000000 0.000000 1.000000

# View 8, elev 15.0, azim 240.0
0.866025 0.129410 -0.482963 -205.614044
-0.500000 0.224144 -0.836516 -306.133972
0.000000 0.965926 0.258819 70.188240
0.000000 0.000000 0.000000 1.000000

# View 9, elev 15.0, azim 270.0
1.000000 0.000000 -0.000000 -0.000000
-0.000000 0.258819 -0.965926 -361.228088
0.000000 0.965926 0.258819 70.188240
0.000000 0.000000 0.000000 1.000000

# View 10, elev 15.0, azim 300.0
0.866025 -0.129410 0.482963 205.614044
0.500000 0.224144 -0.836516 -306.133972
0.000000 0.965926 0.258819 70.188240
0.000000 0.000000 0.000000 1.000000

# View 11, elev 15.0, azim 330.0
0.500000 -0.224144 0.836516 356.133972
0.866025 0.129410 -0.482963 -155.614044
0.000000 0.965926 0.258819 70.188240
0.000000 0.000000 0.000000 1.000000

# View 12, elev 33.8, azim 0.0
0.000000 -0.555570 0.831470 353.985443
1.000000 0.000000 0.000000 50.000000
0.000000 0.831470 0.555570 196.525497
0.000000 0.000000 0.000000 1.000000

# View 13, elev 33.8, azim 30.0
-0.500000 -0.481138 0.720074 306.560364
0.866025 -0.277785 0.415735 226.992722
0.000000 0.831470 0.555570 196.525497
0.000000 0.000000 0.000000 1.000000

# View 14, elev 33.8, azim 60.0
-0.866025 -0.277785 0.415735 176.992722
0.500000 -0.481138 0.720074 356.560364
0.000000 0.831470 0.555570 196.525497
0.000000 0.000000 0.000000 1.000000

# View 15, elev 33.8, azim 90.0
-1.000000 -0.000000 0.000000 0.000000
0.000000 -0.555570 0.831470 403.985443
0.000000 0.831470 0.555570 196.525497
0.000000 0.000000 0.000000 1.000000

# View 16, elev 33.8, azim 120.0
-0.866025 0.277785 -0.415735 -176.992722
-0.500000 -0.481138 0.720074 356.560364
0.000000 0.831470 0.555570 196.525497
0.000000 0.000000 0.000000 1.000000

# View 17, elev 33.8, azim 150.0
-0.500000 0.481138 -0.720074 -306.560364
-0.866025 -0.277785 0.415735 226.992722
0.000000 0.831470 0.555570 196.525497
0.000000 0.000000 0.000000 1.000000

# View 18, elev 33.8, azim 180.0
0.000000 0.555570 -0.831470 -353.985443
-1.000000 0.000000 0.000000 50.000000
0.000000 0.831470 0.555570 196.525497
0.000000 0.000000 0.000000 1.000000

# View 19, elev 33.8, azim 210.0
0.500000 0.481138 -0.720074 -306.560364
-0.866025 0.277785 -0.415735 -126.992714
0.000000 0.831470 0.555570 196.525497
0.000000 0.000000 0.000000 1.000000

# View 20, elev 33.8, azim 240.0
0.866025 0.277785 -0.415735 -176.992722
-0.500000 0.481138 -0.720074 -256.560364
0.000000 0.831470 0.555570 196.525497
0.000000 0.000000 0.000000 1.000000

# View 21, elev 33.8, azim 270.0
1.000000 0.000000 -0.000000 -0.000000
-0.000000 0.555570 -0.831470 -303.985443
0.000000 0.831470 0.555570 196.525497
0.000000 0.000000 0.000000 1.000000

# View 22, elev 33.8, azim 300.0
0.866025 -0.277785 0.415735 176.992722
0.500000 0.481138 -0.720074 -256.560364
0.000000 0.831470 0.555570 196.525497
0.000000 0.000000 0.000000 1.000000

# View 23, elev 33.8, azim 330.0
0.500000 -0.481138 0.720074 306.560364
0.866025 0.277785 -0.415735 -126.992714
0.000000 0.831470 0.555570 196.525497
0.000000 0.000000 0.000000 1.000000

# View 24, elev 52.5, azim 0.0
0.000000 -0.793353 0.608761 259.170837
1.000000 0.000000 0.000000 50.000000
0.000000 0.608761 0.793353 297.758026
0.000000 0.000000 0.000000 1.000000

# View 25, elev 52.5, azim 30.0
-0.500000 -0.687064 0.527203 224.448532
0.866025 -0.396677 0.304381 179.585419
0.000000 0.608761 0.793353 297.758026
0.000000 0.000000 0.000000 1.000000

# View 26, elev 52.5, azim 60.0
-0.866025 -0.396677 0.304381 129.585419
0.500000 -0.687064 0.527203 274.448517
0.000000 0.608761 0.793353 297.758026
0.000000 0.000000 0.000000 1.000000

# View 27, elev 52.5, azim 90.0
-1.000000 -0.000000 0.000000 0.000000
0.000000 -0.793353 0.608761 309.170837
0.000000 0.608761 0.793353 297.758026
0.000000 0.000000 0.000000 1.000000

# View 28, elev 52.5, azim 120.0
-0.866025 0.396677 -0.304381 -129.585419
-0.500000 -0.687064 0.527203 274.448517
0.000000 0.608761 0.793353 297.758026
0.000000 0.000000 0.000000 1.000000

# View 29, elev 52.5, azim 150.0
-0.500000 0.687064 -0.527203 -224.448532
-0.866025 -0.396677 0.304381 179.585419
0.000000 0.608761 0.793353 297.758026
0.000000 0.000000 0.000000 1.000000

# View 30, elev 52.5, azim 180.0
0.000000 0.793353 -0.608761 -259.170837
-1.000000 0.000000 0.000000 50.000000
0.000000 0.608761 0.793353 297.758026
0.000000 0.000000 0.000000 1.000000

# View 31, elev 52.5, azim 210.0
0.500000 0.687064 -0.527203 -224.448532
-0.866025 0.396677 -0.304381 -79.585419
0.000000 0.608761 0.793353 297.758026
0.000000 0.000000 0.000000 1.000000

# View 32, elev 52.5, azim 240.0
0.866025 0.396677 -0.304381 -129.585419
-0.500000 0.687064 -0.527203 -174.448532
0.000000 0.608761 0.793353 297.758026
0.000000 0.000000 0.000000 1.000000

# View 33, elev 52.5, azim 270.0
1.000000 0.000000 -0.000000 -0.000000
-0.000000 0.793353 -0.608761 -209.170837
0.000000 0.608761 0.793353 297.758026
0.000000 0.000000 0.000000 1.000000

# View 34, elev 52.5, azim 300.0
0.866025 -0.396677 0.304381 129.585419
0.500000 0.687064 -0.527203 -174.448532
0.000000 0.608761 0.793353 297.758026
0.000000 0.000000 0.000000 1.000000

# View 35, elev 52.5, azim 330.0
0.500000 -0.687064 0.527203 224.448532
0.866025 0.396677 -0.304381 -79.585419
0.000000 0.608761 0.793353 297.758026
0.000000 0.000000 0.000000 1.000000

# View 36, elev 71.2, azim 0.0
0.000000 -0.946930 0.321439 136.847916
1.000000 0.000000 0.000000 50.000000
0.000000 0.321439 0.946930 363.140961
0.000000 0.000000 0.000000 1.000000

# View 37, elev 71.2, azim 30.0
-0.500000 -0.820066 0.278375 118.513779
0.866025 -0.473465 0.160720 118.423958
0.000000 0.321440 0.946930 363.140961
0.000000 0.000000 0.000000 1.000000

# View 38, elev 71.2, azim 60.0
-0.866025 -0.473465 0.160720 68.423958
0.500000 -0.820066 0.278375 168.513779
0.000000 0.321440 0.946930 363.140961
0.000000 0.000000 0.000000 1.000000

# View 39, elev 71.2, azim 90.0
-1.000000 -0.000000 0.000000 0.000000
0.000000 -0.946930 0.321439 186.847916
0.000000 0.321439 0.946930 363.140961
0.000000 0.000000 0.000000 1.000000

# View 40, elev 71.2, azim 120.0
-0.866025 0.473465 -0.160720 -68.423958
-0.500000 -0.820066 0.278375 168.513779
0.000000 0.321440 0.946930 363.140961
0.000000 0.000000 0.000000 1.000000

# View 41, elev 71.2, azim 150.0
-0.500000 0.820066 -0.278375 -118.513779
-0.866025 -0.473465 0.160720 118.423958
0.000000 0.321440 0.946930 363.140961
0.000000 0.000000 0.000000 1.000000

# View 42, elev 71.2, azim 180.0
0.000000 0.946930 -0.321439 -136.847916
-1.000000 0.000000 0.000000 50.000000
0.000000 0.321439 0.946930 363.140961
0.000000 0.000000 0.000000 1.000000

# View 43, elev 71.2, azim 210.0
0.500000 0.820066 -0.278375 -118.513779
-0.866025 0.473465 -0.160720 -18.423960
0.000000 0.321440 0.946930 363.140961
0.000000 0.000000 0.000000 1.000000

# View 44, elev 71.2, azim 240.0
0.866025 0.473465 -0.160720 -68.423958
-0.500000 0.820066 -0.278375 -68.513779
0.000000 0.321440 0.946930 363.140961
0.000000 0.000000 0.000000 1.000000

# View 45, elev 71.2, azim 270.0
1.000000 0.000000 -0.000000 -0.000000
-0.000000 0.946930 -0.321440 -86.847923
0.000000 0.321440 0.946930 363.140961
0.000000 0.000000 0.000000 1.000000

# View 46, elev 71.2, azim 300.0
0.866025 -0.473465 0.160720 68.423958
0.500000 0.820066 -0.278375 -68.513779
0.000000 0.321440 0.946930 363.140961
0.000000 0.000000 0.000000 1.000000

# View 47, elev 71.2, azim 330.0
0.500000 -0.820066 0.278375 118.513779
0.866025 0.473465 -0.160720 -18.423960
0.000000 0.321440 0.946930 363.140961
0.000000 0.000000 0.000000 1.000000

# View 48, elev 90.0, azim 0.0
-1.000000 0.000000 0.000000 0.000000
0.000000 -1.000000 0.000000 50.000000
0.000000 0.000000 1.000000 385.734650
0.000000 0.000000 0.000000 1.000000

# View 49, elev 90.0, azim 30.0
-1.000000 0.000000 0.000000 0.000000
0.000000 -1.000000 0.000000 50.000000
0.000000 0.000000 1.000000 385.734650
0.000000 0.000000 0.000000 1.000000

# View 50, elev 90.0, azim 60.0
-1.000000 0.000000 0.000000 0.000000
0.000000 -1.000000 0.000000 50.000000
0.000000 0.000000 1.000000 385.734650
0.000000 0.000000 0.000000 1.000000

# View 51, elev 90.0, azim 90.0
-1.000000 0.000000 0.000000 0.000000
0.000000 -1.000000 0.000000 50.000000
0.000000 0.000000 1.000000 385.734650
0.000000 0.000000 0.000000 1.000000

# View 52, elev 90.0, azim 120.0
-1.000000 0.000000 -0.000000 -0.000000
0.000000 -1.000000 0.000000 50.000000
-0.000000 0.000000 1.000000 385.734650
0.000000 0.000000 0.000000 1.000000

# View 53, elev 90.0, azim 150.0
-1.000000 0.000000 -0.000000 -0.000000
0.000000 -1.000000 0.000000 50.000000
-0.000000 0.000000 1.000000 385.734650
0.000000 0.000000 0.000000 1.000000

# View 54, elev 90.0, azim 180.0
-1.000000 0.000000 -0.000000 -0.000000
0.000000 -1.000000 0.000000 50.000000
-0.000000 0.000000 1.000000 385.734650
0.000000 0.000000 0.000000 1.000000

# View 55, elev 90.0, azim 210.0
-1.000000 0.000000 -0.000000 -0.000000
0.000000 -1.000000 0.000000 50.000000
-0.000000 0.000000 1.000000 385.734650
0.000000 0.000000 0.000000 1.000000

# View 56, elev 90.0, azim 240.0
-1.000000 0.000000 -0.000000 -0.000000
0.000000 -1.000000 0.000000 50.000000
-0.000000 0.000000 1.000000 385.734650
0.000000 0.000000 0.000000 1.000000

# View 57, elev 90.0, azim 270.0
-1.000000 0.000000 -0.000000 -0.000000
0.000000 -1.000000 0.000000 50.000000
-0.000000 0.000000 1.000000 385.734650
0.000000 0.000000 0.000000 1.000000

# View 58, elev 90.0, azim 300.0
-1.000000 0.000000 0.000000 0.000000
0.000000 -1.000000 0.000000 50.000000
0.000000 0.000000 1.000000 385.734650
0.000000 0.000000 0.000000 1.000000

# View 59, elev 90.0, azim 330.0
-1.000000 0.000000 0.000000 0.000000
0.000000 -1.000000 0.000000 50.000000
0.000000 0.000000 1.000000 385.734650
0.000000 0.000000 0.000000 1.000000

