# View 000, angle 0.0 deg
0.000000 -0.099504 0.995037 340.587738
1.000000 0.000000 0.000000 50.000000
0.000000 0.995037 0.099504 -5.941227
0.000000 0.000000 0.000000 1.000000

# View 001, angle 6.0 deg
-0.104528 -0.098959 0.989586 338.721954
0.994522 -0.010401 0.104010 85.601112
0.000000 0.995037 0.099504 -5.941227
0.000000 0.000000 0.000000 1.000000

# View 002, angle 12.0 deg
-0.207912 -0.097329 0.973293 333.145081
0.978148 -0.020688 0.206880 120.812172
0.000000 0.995037 0.099504 -5.941227
0.000000 0.000000 0.000000 1.000000

# View 003, angle 18.0 deg
-0.309017 -0.094634 0.946337 323.918182
0.951057 -0.030748 0.307483 155.247391
0.000000 0.995037 0.099504 -5.941227
0.000000 0.000000 0.000000 1.000000

# View 004, angle 24.0 deg
-0.406737 -0.090901 0.909012 311.142365
0.913545 -0.040472 0.404718 188.529510
0.000000 0.995037 0.099504 -5.941227
0.000000 0.000000 0.000000 1.000000

# View 005, angle 30.0 deg
-0.500000 -0.086173 0.861728 294.957611
0.866025 -0.049752 0.497519 220.293869
0.000000 0.995037 0.099504 -5.941227
0.000000 0.000000 0.000000 1.000000

# View 006, angle 36.0 deg
-0.587785 -0.080500 0.805002 275.541260
0.809017 -0.058487 0.584868 250.192444
0.000000 0.995037 0.099504 -5.941227
0.000000 0.000000 0.000000 1.000000

# View 007, angle 42.0 deg
-0.669131 -0.073946 0.739457 253.106003
0.743145 -0.066581 0.665810 277.897675
0.000000 0.995037 0.099504 -5.941227
0.000000 0.000000 0.000000 1.000000

# View 008, angle 48.0 deg
-0.743145 -0.066581 0.665810 227.897675
0.669131 -0.073946 0.739457 303.106018
0.000000 0.995037 0.099504 -5.941227
0.000000 0.000000 0.000000 1.000000

# View 009, angle 54.0 deg
-0.809017 -0.058487 0.584868 200.192444
0.587785 -0.080500 0.805002 325.541260
0.000000 0.995037 0.099504 -5.941227
0.000000 0.000000 0.000000 1.000000

# View 010, angle 60.0 deg
-0.866025 -0.049752 0.497519 170.293869
0.500000 -0.086173 0.861728 344.957611
0.000000 0.995037 0.099504 -5.941227
0.000000 0.000000 0.000000 1.000000

# View 011, angle 66.0 deg
-0.913545 -0.040472 0.404718 138.529510
0.406737 -0.090901 0.909012 361.142365
0.000000 0.995037 0.099504 -5.941227
0.000000 0.000000 0.000000 1.000000

# View 012, angle 72.0 deg
-0.951057 -0.030748 0.307483 105.247398
0.309017 -0.094634 0.946337 373.918182
0.000000 0.995037 0.099504 -5.941227
0.000000 0.000000 0.000000 1.000000

# View 013, angle 78.0 deg
-0.978148 -0.020688 0.206880 70.812172
0.207912 -0.097329 0.973293 383.145081
0.000000 0.995037 0.099504 -5.941227
0.000000 0.000000 0.000000 1.000000

# View 014, angle 84.0 deg
-0.994522 -0.010401 0.104010 35.601112
0.104528 -0.098959 0.989586 388.721954
0.000000 0.995037 0.099504 -5.941227
0.000000 0.000000 0.000000 1.000000

# View 015, angle 90.0 deg
-1.000000 -0.000000 0.000000 0.000000
0.000000 -0.099504 0.995037 390.587738
0.000000 0.995037 0.099504 -5.941227
0.000000 0.000000 0.000000 1.000000

# View 016, angle 96.0 deg
-0.994522 0.010401 -0.104010 -35.601112
-0.104528 -0.098959 0.989586 388.721954
0.000000 0.995037 0.099504 -5.941227
0.000000 0.000000 0.000000 1.000000

# View 017, angle 102.0 deg
-0.978148 0.020688 -0.206880 -70.812172
-0.207912 -0.097329 0.973293 383.145081
0.000000 0.995037 0.099504 -5.941227
0.000000 0.000000 0.000000 1.000000

# View 018, angle 108.0 deg
-0.951057 0.030748 -0.307483 -105.247398
-0.309017 -0.094634 0.946337 373.918182
0.000000 0.995037 0.099504 -5.941227
0.000000 0.000000 0.000000 1.000000

# View 019, angle 114.0 deg
-0.913545 0.040472 -0.404718 -138.529510
-0.406737 -0.090901 0.909012 361.142365
0.000000 0.995037 0.099504 -5.941227
0.000000 0.000000 0.000000 1.000000

# View 020, angle 120.0 deg
-0.866025 0.049752 -0.497519 -170.293869
-0.500000 -0.086173 0.861728 344.957611
0.000000 0.995037 0.099504 -5.941227
0.000000 0.000000 0.000000 1.000000

# View 021, angle 126.0 deg
-0.809017 0.058487 -0.584868 -200.192444
-0.587785 -0.080500 0.805002 325.541260
0.000000 0.995037 0.099504 -5.941227
0.000000 0.000000 0.000000 1.000000

# View 022, angle 132.0 deg
-0.743145 0.066581 -0.665810 -227.897675
-0.669131 -0.073946 0.739457 303.106018
0.000000 0.995037 0.099504 -5.941227
0.000000 0.000000 0.000000 1.000000

# View 023, angle 138.0 deg
-0.669131 0.073946 -0.739457 -253.106003
-0.743145 -0.066581 0.665810 277.897675
0.000000 0.995037 0.099504 -5.941227
0.000000 0.000000 0.000000 1.000000

# View 024, angle 144.0 deg
-0.587785 0.080500 -0.805002 -275.541260
-0.809017 -0.058487 0.584868 250.192444
0.000000 0.995037 0.099504 -5.941227
0.000000 0.000000 0.000000 1.000000

# View 025, angle 150.0 deg
-0.500000 0.086173 -0.861728 -294.957611
-0.866025 -0.049752 0.497519 220.293869
0.000000 0.995037 0.099504 -5.941227
0.000000 0.000000 0.000000 1.000000

# View 026, angle 156.0 deg
-0.406737 0.090901 -0.909012 -311.142365
-0.913545 -0.040472 0.404718 188.529510
0.000000 0.995037 0.099504 -5.941227
0.000000 0.000000 0.000000 1.000000

# View 027, angle 162.0 deg
-0.309017 0.094634 -0.946337 -323.918182
-0.951057 -0.030748 0.307483 155.247391
0.000000 0.995037 0.099504 -5.941227
0.000000 0.000000 0.000000 1.000000

# View 028, angle 168.0 deg
-0.207912 0.097329 -0.973293 -333.145081
-0.978148 -0.020688 0.206880 120.812172
0.000000 0.995037 0.099504 -5.941227
0.000000 0.000000 0.000000 1.000000

# View 029, angle 174.0 deg
-0.104528 0.098959 -0.989586 -338.721954
-0.994522 -0.010401 0.104010 85.601112
0.000000 0.995037 0.099504 -5.941227
0.000000 0.000000 0.000000 1.000000

# View 030, angle 180.0 deg
0.000000 0.099504 -0.995037 -340.587738
-1.000000 0.000000 0.000000 50.000000
0.000000 0.995037 0.099504 -5.941227
0.000000 0.000000 0.000000 1.000000

# View 031, angle 186.0 deg
0.104528 0.098959 -0.989586 -338.721954
-0.994522 0.010401 -0.104010 14.398889
0.000000 0.995037 0.099504 -5.941227
0.000000 0.000000 0.000000 1.000000

# View 032, angle 192.0 deg
0.207912 0.097329 -0.973293 -333.145081
-0.978148 0.020688 -0.206880 -20.812170
0.000000 0.995037 0.099504 -5.941227
0.000000 0.000000 0.000000 1.000000

# View 033, angle 198.0 deg
0.309017 0.094634 -0.946337 -323.918182
-0.951057 0.030748 -0.307483 -55.247395
0.000000 0.995037 0.099504 -5.941227
0.000000 0.000000 0.000000 1.000000

# View 034, angle 204.0 deg
0.406737 0.090901 -0.909012 -311.142365
-0.913545 0.040472 -0.404718 -88.529510
0.000000 0.995037 0.099504 -5.941227
0.000000 0.000000 0.000000 1.000000

# View 035, angle 210.0 deg
0.500000 0.086173 -0.861728 -294.957611
-0.866026 0.049752 -0.497519 -120.293861
0.000000 0.995037 0.099504 -5.941227
0.000000 0.000000 0.000000 1.000000

# View 036, angle 216.0 deg
0.587785 0.080500 -0.805002 -275.541260
-0.809017 0.058487 -0.584868 -150.192444
0.000000 0.995037 0.099504 -5.941227
0.000000 0.000000 0.000000 1.000000

# View 037, angle 222.0 deg
0.669131 0.073946 -0.739457 -253.106003
-0.743145 0.066581 -0.665810 -177.897675
0.000000 0.995037 0.099504 -5.941227
0.000000 0.000000 0.000000 1.000000

# View 038, angle 228.0 deg
0.743145 0.066581 -0.665810 -227.897675
-0.669131 0.073946 -0.739457 -203.106003
0.000000 0.995037 0.099504 -5.941227
0.000000 0.000000 0.000000 1.000000

# View 039, angle 234.0 deg
0.809017 0.058487 -0.584868 -200.192444
-0.587785 0.080500 -0.805002 -225.541260
0.000000 0.995037 0.099504 -5.941227
0.000000 0.000000 0.000000 1.000000

# View 040, angle 240.0 deg
0.866025 0.049752 -0.497519 -170.293869
-0.500000 0.086173 -0.861728 -244.957626
0.000000 0.995037 0.099504 -5.941227
0.000000 0.000000 0.000000 1.000000

# View 041, angle 246.0 deg
0.913545 0.040472 -0.404718 -138.529510
-0.406737 0.090901 -0.909012 -261.142365
0.000000 0.995037 0.099504 -5.941227
0.000000 0.000000 0.000000 1.000000

# View 042, angle 252.0 deg
0.951057 0.030748 -0.307483 -105.247398
-0.309017 0.094634 -0.946337 -273.918182
0.000000 0.995037 0.099504 -5.941227
0.000000 0.000000 0.000000 1.000000

# View 043, angle 258.0 deg
0.978148 0.020688 -0.206880 -70.812172
-0.207912 0.097329 -0.973293 -283.145081
0.000000 0.995037 0.099504 -5.941227
0.000000 0.000000 0.000000 1.000000

# View 044, angle 264.0 deg
0.994522 0.010401 -0.104010 -35.601112
-0.104528 0.098959 -0.989586 -288.721954
0.000000 0.995037 0.099504 -5.941227
0.000000 0.000000 0.000000 1.000000

# View 045, angle 270.0 deg
1.000000 0.000000 -0.000000 -0.000000
-0.000000 0.099504 -0.995037 -290.587738
0.000000 0.995037 0.099504 -5.941227
0.000000 0.000000 0.000000 1.000000

# View 046, angle 276.0 deg
0.994522 -0.010401 0.104010 35.601112
0.104528 0.098959 -0.989586 -288.721954
0.000000 0.995037 0.099504 -5.941227
0.000000 0.000000 0.000000 1.000000

# View 047, angle 282.0 deg
0.978148 -0.020688 0.206880 70.812172
0.207912 0.097329 -0.973293 -283.145081
0.000000 0.995037 0.099504 -5.941227
0.000000 0.000000 0.000000 1.000000

# View 048, angle 288.0 deg
0.951057 -0.030748 0.307483 105.247398
0.309017 0.094634 -0.946337 -273.918182
0.000000 0.995037 0.099504 -5.941227
0.000000 0.000000 0.000000 1.000000

# View 049, angle 294.0 deg
0.913545 -0.040472 0.404718 138.529510
0.406737 0.090901 -0.909012 -261.142365
0.000000 0.995037 0.099504 -5.941227
0.000000 0.000000 0.000000 1.000000

# View 050, angle 300.0 deg
0.866025 -0.049752 0.497519 170.293869
0.500000 0.086173 -0.861728 -244.957626
0.000000 0.995037 0.099504 -5.941227
0.000000 0.000000 0.000000 1.000000

# View 051, angle 306.0 deg
0.809017 -0.058487 0.584868 200.192444
0.587785 0.080500 -0.805002 -225.541260
0.000000 0.995037 0.099504 -5.941227
0.000000 0.000000 0.000000 1.000000

# View 052, angle 312.0 deg
0.743145 -0.066581 0.665810 227.897675
0.669131 0.073946 -0.739457 -203.106003
0.000000 0.995037 0.099504 -5.941227
0.000000 0.000000 0.000000 1.000000

# View 053, angle 318.0 deg
0.669131 -0.073946 0.739457 253.106003
0.743145 0.066581 -0.665810 -177.897675
0.000000 0.995037 0.099504 -5.941227
0.000000 0.000000 0.000000 1.000000

# View 054, angle 324.0 deg
0.587785 -0.080500 0.805002 275.541260
0.809017 0.058487 -0.584868 -150.192444
0.000000 0.995037 0.099504 -5.941227
0.000000 0.000000 0.000000 1.000000

# View 055, angle 330.0 deg
0.500000 -0.086173 0.861728 294.957611
0.866026 0.049752 -0.497519 -120.293861
0.000000 0.995037 0.099504 -5.941227
0.000000 0.000000 0.000000 1.000000

# View 056, angle 336.0 deg
0.406737 -0.090901 0.909012 311.142365
0.913545 0.040472 -0.404718 -88.529510
0.000000 0.995037 0.099504 -5.941227
0.000000 0.000000 0.000000 1.000000

# View 057, angle 342.0 deg
0.309017 -0.094634 0.946337 323.918182
0.951057 0.030748 -0.307483 -55.247395
0.000000 0.995037 0.099504 -5.941227
0.000000 0.000000 0.000000 1.000000

# View 058, angle 348.0 deg
0.207912 -0.097329 0.973293 333.145081
0.978148 0.020688 -0.206880 -20.812170
0.000000 0.995037 0.099504 -5.941227
0.000000 0.000000 0.000000 1.000000

# View 059, angle 354.0 deg
0.104528 -0.098959 0.989586 338.721954
0.994522 0.010401 -0.104010 14.398889
0.000000 0.995037 0.099504 -5.941227
0.000000 0.000000 0.000000 1.000000

