# View 000, elev 15.0, azim 0.0
0.000000 -0.258819 0.965926 411.228088
1.000000 0.000000 0.000000 50.000000
0.000000 0.965926 0.258819 70.188240
0.000000 0.000000 0.000000 1.000000

# View 001, elev 15.0, azim 36.0
-0.587785 -0.209389 0.781450 332.690521
0.809017 -0.152130 0.567757 291.713806
0.000000 0.965926 0.258819 70.188240
0.000000 0.000000 0.000000 1.000000

# View 002, elev 15.0, azim 72.0
-0.951057 -0.079979 0.298488 127.076469
0.309017 -0.246152 0.918650 441.101166
0.000000 0.965926 0.258819 70.188240
0.000000 0.000000 0.000000 1.000000

# View 003, elev 15.0, azim 108.0
-0.951057 0.079979 -0.298488 -127.076469
-0.309017 -0.246152 0.918650 441.101166
0.000000 0.965926 0.258819 70.188240
0.000000 0.000000 0.000000 1.000000

# View 004, elev 15.0, azim 144.0
-0.587785 0.209389 -0.781450 -332.690521
-0.809017 -0.152130 0.567757 291.713806
0.000000 0.965926 0.258819 70.188240
0.000000 0.000000 0.000000 1.000000

# View 005, elev 15.0, azim 180.0
0.000000 0.258819 -0.965926 -411.228088
-1.000000 0.000000 0.000000 50.000000
0.000000 0.965926 0.258819 70.188240
0.000000 0.000000 0.000000 1.000000

# View 006, elev 15.0, azim 216.0
0.587785 0.209389 -0.781450 -332.690521
-0.809017 0.152130 -0.567757 -191.713821
0.000000 0.965926 0.258819 70.188240
0.000000 0.000000 0.000000 1.000000

# View 007, elev 15.0, azim 252.0
0.951057 0.079979 -0.298488 -127.076469
-0.309017 0.246152 -0.918650 -341.101166
0.000000 0.965926 0.258819 70.188240
0.000000 0.000000 0.000000 1.000000

# View 008, elev 15.0, azim 288.0
0.951057 -0.079979 0.298488 127.076469
0.309017 0.246152 -0.918650 -341.101166
0.000000 0.965926 0.258819 70.188240
0.000000 0.000000 0.000000 1.000000

# View 009, elev 15.0, azim 324.0
0.587785 -0.209389 0.781450 332.690521
0.809017 0.152130 -0.567757 -191.713821
0.000000 0.965926 0.258819 70.188240
0.000000 0.000000 0.000000 1.000000

# View 010, elev 30.0, azim 0.0
0.000000 -0.500000 0.866025 368.697021
1.000000 0.000000 0.000000 50.000000
0.000000 0.866025 0.500000 172.867325
0.000000 0.000000 0.000000 1.000000

# View 011, elev 30.0, azim 36.0
-0.587785 -0.404509 0.700629 298.282166
0.809017 -0.293893 0.509037 266.714691
0.000000 0.866026 0.500000 172.867325
0.000000 0.000000 0.000000 1.000000

# View 012, elev 30.0, azim 72.0
-0.951056 -0.154509 0.267617 113.933647
0.309017 -0.475528 0.823639 400.651703
0.000000 0.866025 0.500000 172.867325
0.000000 0.000000 0.000000 1.000000

# View 013, elev 30.0, azim 108.0
-0.951056 0.154509 -0.267617 -113.933647
-0.309017 -0.475528 0.823639 400.651703
0.000000 0.866025 0.500000 172.867325
0.000000 0.000000 0.000000 1.000000

# View 014, elev 30.0, azim 144.0
-0.587785 0.404509 -0.700629 -298.282166
-0.809017 -0.293893 0.509037 266.714691
0.000000 0.866026 0.500000 172.867325
0.000000 0.000000 0.000000 1.000000

# View 015, elev 30.0, azim 180.0
0.000000 0.500000 -0.866025 -368.697021
-1.000000 0.000000 0.000000 50.000000
0.000000 0.866025 0.500000 172.867325
0.000000 0.000000 0.000000 1.000000

# View 016, elev 30.0, azim 216.0
0.587785 0.404509 -0.700629 -298.282166
-0.809017 0.293893 -0.509037 -166.714676
0.000000 0.866025 0.500000 172.867325
0.000000 0.000000 0.000000 1.000000

# View 017, elev 30.0, azim 252.0
0.951056 0.154509 -0.267617 -113.933647
-0.309017 0.475528 -0.823639 -300.651703
0.000000 0.866025 0.500000 172.867325
0.000000 0.000000 0.000000 1.000000

# View 018, elev 30.0, azim 288.0
0.951056 -0.154509 0.267617 113.933647
0.309017 0.475528 -0.823639 -300.651703
0.000000 0.866025 0.500000 172.867325
0.000000 0.000000 0.000000 1.000000

# View 019, elev 30.0, azim 324.0
0.587785 -0.404509 0.700629 298.282166
0.809017 0.293893 -0.509037 -166.714676
0.000000 0.866025 0.500000 172.867325
0.000000 0.000000 0.000000 1.000000

# View 020, elev 45.0, azim 0.0
0.000000 -0.707107 0.707107 301.039856
1.000000 0.000000 0.000000 50.000000
0.000000 0.707107 0.707107 261.039856
0.000000 0.000000 0.000000 1.000000

# View 021, elev 45.0, azim 36.0
-0.587785 -0.572061 0.572061 243.546371
0.809017 -0.415627 0.415627 226.946793
0.000000 0.707107 0.707107 261.039856
0.000000 0.000000 0.000000 1.000000

# View 022, elev 45.0, azim 72.0
-0.951056 -0.218508 0.218508 93.026436
0.309017 -0.672498 0.672499 336.305939
0.000000 0.707107 0.707107 261.039856
0.000000 0.000000 0.000000 1.000000

# View 023, elev 45.0, azim 108.0
-0.951056 0.218508 -0.218508 -93.026436
-0.309017 -0.672498 0.672499 336.305939
0.000000 0.707107 0.707107 261.039856
0.000000 0.000000 0.000000 1.000000

# View 024, elev 45.0, azim 144.0
-0.587785 0.572061 -0.572061 -243.546371
-0.809017 -0.415627 0.415627 226.946793
0.000000 0.707107 0.707107 261.039856
0.000000 0.000000 0.000000 1.000000

# View 025, elev 45.0, azim 180.0
0.000000 0.707107 -0.707107 -301.039856
-1.000000 0.000000 0.000000 50.000000
0.000000 0.707107 0.707107 261.039856
0.000000 0.000000 0.000000 1.000000

# View 026, elev 45.0, azim 216.0
0.587785 0.572061 -0.572061 -243.546371
-0.809017 0.415627 -0.415627 -126.946793
0.000000 0.707107 0.707107 261.039856
0.000000 0.000000 0.000000 1.000000

# View 027, elev 45.0, azim 252.0
0.951056 0.218508 -0.218508 -93.026436
-0.309017 0.672499 -0.672499 -236.305923
0.000000 0.707107 0.707107 261.039856
0.000000 0.000000 0.000000 1.000000

# View 028, elev 45.0, azim 288.0
0.951056 -0.218508 0.218508 93.026436
0.309017 0.672499 -0.672499 -236.305923
0.000000 0.707107 0.707107 261.039856
0.000000 0.000000 0.000000 1.000000

# View 029, elev 45.0, azim 324.0
0.587785 -0.572061 0.572061 243.546371
0.809017 0.415627 -0.415627 -126.946793
0.000000 0.707107 0.707107 261.039856
0.000000 0.000000 0.000000 1.000000

# View 030, elev 60.0, azim 0.0
0.000000 -0.866025 0.500000 212.867325
1.000000 0.000000 0.000000 50.000000
0.000000 0.500000 0.866025 328.697021
0.000000 0.000000 0.000000 1.000000

# View 031, elev 60.0, azim 36.0
-0.587785 -0.700629 0.404509 172.213287
0.809017 -0.509037 0.293893 175.120270
0.000000 0.500000 0.866025 328.697021
0.000000 0.000000 0.000000 1.000000

# View 032, elev 60.0, azim 72.0
-0.951056 -0.267617 0.154509 65.779625
0.309017 -0.823639 0.475528 252.448868
0.000000 0.500000 0.866025 328.697021
0.000000 0.000000 0.000000 1.000000

# View 033, elev 60.0, azim 108.0
-0.951056 0.267617 -0.154509 -65.779625
-0.309017 -0.823639 0.475528 252.448868
0.000000 0.500000 0.866025 328.697021
0.000000 0.000000 0.000000 1.000000

# View 034, elev 60.0, azim 144.0
-0.587785 0.700629 -0.404509 -172.213287
-0.809017 -0.509037 0.293893 175.120270
0.000000 0.500000 0.866025 328.697021
0.000000 0.000000 0.000000 1.000000

# View 035, elev 60.0, azim 180.0
0.000000 0.866025 -0.500000 -212.867325
-1.000000 0.000000 0.000000 50.000000
0.000000 0.500000 0.866025 328.697021
0.000000 0.000000 0.000000 1.000000

# View 036, elev 60.0, azim 216.0
0.587785 0.700629 -0.404509 -172.213287
-0.809017 0.509037 -0.293893 -75.120277
0.000000 0.500000 0.866025 328.697021
0.000000 0.000000 0.000000 1.000000

# View 037, elev 60.0, azim 252.0
0.951056 0.267617 -0.154509 -65.779625
-0.309017 0.823639 -0.475528 -152.448868
0.000000 0.500000 0.866025 328.697021
0.000000 0.000000 0.000000 1.000000

# View 038, elev 60.0, azim 288.0
0.951056 -0.267617 0.154509 65.779625
0.309017 0.823639 -0.475528 -152.448868
0.000000 0.500000 0.866025 328.697021
0.000000 0.000000 0.000000 1.000000

# View 039, elev 60.0, azim 324.0
0.587785 -0.700629 0.404509 172.213287
0.809017 0.509037 -0.293893 -75.120277
0.000000 0.500000 0.866025 328.697021
0.000000 0.000000 0.000000 1.000000

# View 040, elev 75.0, azim 0.0
0.000000 -0.965926 0.258819 110.188240
1.000000 0.000000 0.000000 50.000000
0.000000 0.258819 0.965926 371.228088
0.000000 0.000000 0.000000 1.000000

# View 041, elev 75.0, azim 36.0
-0.587785 -0.781450 0.209389 89.144157
0.809017 -0.567757 0.152130 114.767021
0.000000 0.258819 0.965926 371.228088
0.000000 0.000000 0.000000 1.000000

# View 042, elev 75.0, azim 72.0
-0.951056 -0.298487 0.079979 34.050037
0.309017 -0.918650 0.246152 154.795242
0.000000 0.258819 0.965926 371.228088
0.000000 0.000000 0.000000 1.000000

# View 043, elev 75.0, azim 108.0
-0.951056 0.298487 -0.079979 -34.050037
-0.309017 -0.918650 0.246152 154.795242
0.000000 0.258819 0.965926 371.228088
0.000000 0.000000 0.000000 1.000000

# View 044, elev 75.0, azim 144.0
-0.587785 0.781450 -0.209389 -89.144157
-0.809017 -0.567757 0.152130 114.767021
0.000000 0.258819 0.965926 371.228088
0.000000 0.000000 0.000000 1.000000

# View 045, elev 75.0, azim 180.0
0.000000 0.965926 -0.258819 -110.188240
-1.000000 0.000000 0.000000 50.000000
0.000000 0.258819 0.965926 371.228088
0.000000 0.000000 0.000000 1.000000

# View 046, elev 75.0, azim 216.0
0.587785 0.781450 -0.209389 -89.144157
-0.809017 0.567757 -0.152130 -14.767021
0.000000 0.258819 0.965926 371.228088
0.000000 0.000000 0.000000 1.000000

# View 047, elev 75.0, azim 252.0
0.951056 0.298487 -0.079979 -34.050037
-0.309017 0.918650 -0.246152 -54.795242
0.000000 0.258819 0.965926 371.228088
0.000000 0.000000 0.000000 1.000000

# View 048, elev 75.0, azim 288.0
0.951056 -0.298487 0.079979 34.050037
0.309017 0.918650 -0.246152 -54.795242
0.000000 0.258819 0.965926 371.228088
0.000000 0.000000 0.000000 1.000000

# View 049, elev 75.0, azim 324.0
0.587785 -0.781450 0.209389 89.144157
0.809017 0.567757 -0.152130 -14.767021
0.000000 0.258819 0.965926 371.228088
0.000000 0.000000 0.000000 1.000000

# View 050, elev 90.0, azim 0.0
-1.000000 0.000000 0.000000 0.000000
0.000000 -1.000000 0.000000 50.000000
0.000000 0.000000 1.000000 385.734650
0.000000 0.000000 0.000000 1.000000

# View 051, elev 90.0, azim 36.0
-1.000000 0.000000 0.000000 0.000000
0.000000 -1.000000 0.000000 50.000000
0.000000 0.000000 1.000000 385.734650
0.000000 0.000000 0.000000 1.000000

# View 052, elev 90.0, azim 72.0
-1.000000 0.000000 0.000000 0.000000
0.000000 -1.000000 0.000000 50.000000
0.000000 0.000000 1.000000 385.734650
0.000000 0.000000 0.000000 1.000000

# View 053, elev 90.0, azim 108.0
-1.000000 0.000000 -0.000000 -0.000000
0.000000 -1.000000 0.000000 50.000000
-0.000000 0.000000 1.000000 385.734650
0.000000 0.000000 0.000000 1.000000

# View 054, elev 90.0, azim 144.0
-1.000000 0.000000 -0.000000 -0.000000
0.000000 -1.000000 0.000000 50.000000
-0.000000 0.000000 1.000000 385.734650
0.000000 0.000000 0.000000 1.000000

# View 055, elev 90.0, azim 180.0
-1.000000 0.000000 -0.000000 -0.000000
0.000000 -1.000000 0.000000 50.000000
-0.000000 0.000000 1.000000 385.734650
0.000000 0.000000 0.000000 1.000000

# View 056, elev 90.0, azim 216.0
-1.000000 0.000000 -0.000000 -0.000000
0.000000 -1.000000 0.000000 50.000000
-0.000000 0.000000 1.000000 385.734650
0.000000 0.000000 0.000000 1.000000

# View 057, elev 90.0, azim 252.0
-1.000000 0.000000 -0.000000 -0.000000
0.000000 -1.000000 0.000000 50.000000
-0.000000 0.000000 1.000000 385.734650
0.000000 0.000000 0.000000 1.000000

# View 058, elev 90.0, azim 288.0
-1.000000 0.000000 0.000000 0.000000
0.000000 -1.000000 0.000000 50.000000
0.000000 0.000000 1.000000 385.734650
0.000000 0.000000 0.000000 1.000000

# View 059, elev 90.0, azim 324.0
-1.000000 0.000000 0.000000 0.000000
0.000000 -1.000000 0.000000 50.000000
0.000000 0.000000 1.000000 385.734650
0.000000 0.000000 0.000000 1.000000

