# View 0, elev 60.0, azim 0.0
0.000000 1.000000 0.000000 0.001651
-0.866025 0.000000 0.500000 1.175995
0.500000 0.000000 0.866025 -338.352481
0.000000 0.000000 0.000000 1.000000

# View 1, elev 60.0, azim 30.0
-0.500000 0.866025 0.000000 -0.048161
-0.750000 -0.433013 0.500000 1.186787
0.433013 0.250000 0.866025 -338.358712
0.000000 0.000000 0.000000 1.000000

# View 2, elev 60.0, azim 60.0
-0.866025 0.500000 0.000000 -0.085068
-0.433013 -0.750000 0.500000 1.217703
0.250000 0.433013 0.866025 -338.376561
0.000000 0.000000 0.000000 1.000000

# View 3, elev 60.0, azim 90.0
-1.000000 0.000000 0.000000 -0.099182
-0.000000 -0.866025 0.500000 1.260459
0.000000 0.500000 0.866025 -338.401246
0.000000 0.000000 0.000000 1.000000

# View 4, elev 60.0, azim 120.0
-0.866025 -0.500000 0.000000 -0.086720
0.433013 -0.750000 0.500000 1.303597
-0.250000 0.433013 0.866025 -338.426152
0.000000 0.000000 0.000000 1.000000

# View 5, elev 60.0, azim 150.0
-0.500000 -0.866025 0.000000 -0.051021
0.750000 -0.433013 0.500000 1.335560
-0.433013 0.250000 0.866025 -338.444606
0.000000 0.000000 0.000000 1.000000

# View 6, elev 60.0, azim 180.0
-0.000000 -1.000000 0.000000 -0.001651
0.866025 -0.000000 0.500000 1.347783
-0.500000 0.000000 0.866025 -338.451663
0.000000 0.000000 0.000000 1.000000

# View 7, elev 60.0, azim 210.0
0.500000 -0.866025 0.000000 0.048161
0.750000 0.433013 0.500000 1.336990
-0.433013 -0.250000 0.866025 -338.445432
0.000000 0.000000 0.000000 1.000000

# View 8, elev 60.0, azim 240.0
0.866025 -0.500000 0.000000 0.085068
0.433013 0.750000 0.500000 1.306074
-0.250000 -0.433013 0.866025 -338.427582
0.000000 0.000000 0.000000 1.000000

# View 9, elev 60.0, azim 270.0
1.000000 -0.000000 0.000000 0.099182
0.000000 0.866025 0.500000 1.263319
-0.000000 -0.500000 0.866025 -338.402898
0.000000 0.000000 0.000000 1.000000

# View 10, elev 60.0, azim 300.0
0.866025 0.500000 -0.000000 0.086720
-0.433013 0.750000 0.500000 1.220180
0.250000 -0.433013 0.866025 -338.377991
0.000000 0.000000 0.000000 1.000000

# View 11, elev 60.0, azim 330.0
0.500000 0.866025 -0.000000 0.051021
-0.750000 0.433013 0.500000 1.188217
0.433013 -0.250000 0.866025 -338.359538
0.000000 0.000000 0.000000 1.000000

